0.0000e+00 0.0000e+00 0.0000e+00 0.0000e+00 0.0000e+00 0.0000e+00 0.0000e+00 0.0000e+00 0.0000e+00 0.0000e+00 0.0000e+00 0.0000e+00 0.0000e+00 0.0000e+00 0.0000e+00 0.0000e+00 0.0000e+00 0.0000e+00 0.0000e+00 0.0000e+00 0.0000e+00 0.0000e+00 0.0000e+00 0.0000e+00 0.0000e+00 0.0000e+00 0.0000e+00 0.0000e+00 0.0000e+00 0.0000e+00 0.0000e+00 0.0000e+00 0.0000e+00 0.0000e+00 0.0000e+00 0.0000e+00 0.0000e+00 0.0000e+00 0.0000e+00
0.0000e+00 0.0000e+00 0.0000e+00 0.0000e+00 0.0000e+00 0.0000e+00 0.0000e+00 0.0000e+00 0.0000e+00 0.0000e+00 0.0000e+00 0.0000e+00 0.0000e+00 0.0000e+00 0.0000e+00 0.0000e+00 0.0000e+00 0.0000e+00 0.0000e+00 0.0000e+00 0.0000e+00 0.0000e+00 0.0000e+00 0.0000e+00 0.0000e+00 0.0000e+00 0.0000e+00 0.0000e+00 0.0000e+00 0.0000e+00 0.0000e+00 0.0000e+00 0.0000e+00 0.0000e+00 0.0000e+00 0.0000e+00 0.0000e+00 0.0000e+00 0.0000e+00
0.0000e+00 0.0000e+00 0.0000e+00 0.0000e+00 0.0000e+00 0.0000e+00 0.0000e+00 0.0000e+00 0.0000e+00 0.0000e+00 0.0000e+00 0.0000e+00 0.0000e+00 0.0000e+00 0.0000e+00 0.0000e+00 0.0000e+00 0.0000e+00 0.0000e+00 0.0000e+00 0.0000e+00 0.0000e+00 0.0000e+00 0.0000e+00 0.0000e+00 0.0000e+00 0.0000e+00 0.0000e+00 0.0000e+00 0.0000e+00 0.0000e+00 0.0000e+00 0.0000e+00 0.0000e+00 0.0000e+00 0.0000e+00 0.0000e+00 0.0000e+00 0.0000e+00
0.0000e+00 0.0000e+00 0.0000e+00 0.0000e+00 0.0000e+00 0.0000e+00 0.0000e+00 0.0000e+00 0.0000e+00 0.0000e+00 0.0000e+00 0.0000e+00 0.0000e+00 0.0000e+00 0.0000e+00 0.0000e+00 0.0000e+00 0.0000e+00 0.0000e+00 0.0000e+00 0.0000e+00 0.0000e+00 0.0000e+00 0.0000e+00 0.0000e+00 0.0000e+00 0.0000e+00 0.0000e+00 0.0000e+00 0.0000e+00 0.0000e+00 0.0000e+00 0.0000e+00 0.0000e+00 0.0000e+00 0.0000e+00 0.0000e+00 0.0000e+00 0.0000e+00
0.0000e+00 0.0000e+00 0.0000e+00 0.0000e+00 0.0000e+00 0.0000e+00 0.0000e+00 0.0000e+00 0.0000e+00 0.0000e+00 0.0000e+00 0.0000e+00 0.0000e+00 0.0000e+00 0.0000e+00 0.0000e+00 0.0000e+00 0.0000e+00 0.0000e+00 0.0000e+00 0.0000e+00 0.0000e+00 0.0000e+00 0.0000e+00 0.0000e+00 0.0000e+00 0.0000e+00 0.0000e+00 0.0000e+00 0.0000e+00 0.0000e+00 0.0000e+00 0.0000e+00 0.0000e+00 0.0000e+00 0.0000e+00 0.0000e+00 0.0000e+00 0.0000e+00
0.0000e+00 0.0000e+00 0.0000e+00 0.0000e+00 0.0000e+00 0.0000e+00 0.0000e+00 0.0000e+00 0.0000e+00 0.0000e+00 0.0000e+00 0.0000e+00 0.0000e+00 0.0000e+00 0.0000e+00 0.0000e+00 0.0000e+00 0.0000e+00 0.0000e+00 0.0000e+00 0.0000e+00 0.0000e+00 0.0000e+00 0.0000e+00 0.0000e+00 0.0000e+00 0.0000e+00 0.0000e+00 0.0000e+00 0.0000e+00 0.0000e+00 0.0000e+00 0.0000e+00 0.0000e+00 0.0000e+00 0.0000e+00 0.0000e+00 0.0000e+00 0.0000e+00
0.0000e+00 0.0000e+00 0.0000e+00 0.0000e+00 0.0000e+00 0.0000e+00 0.0000e+00 0.0000e+00 0.0000e+00 0.0000e+00 0.0000e+00 0.0000e+00 0.0000e+00 0.0000e+00 0.0000e+00 0.0000e+00 0.0000e+00 0.0000e+00 0.0000e+00 0.0000e+00 0.0000e+00 0.0000e+00 0.0000e+00 0.0000e+00 0.0000e+00 0.0000e+00 0.0000e+00 0.0000e+00 0.0000e+00 0.0000e+00 0.0000e+00 0.0000e+00 0.0000e+00 0.0000e+00 0.0000e+00 0.0000e+00 0.0000e+00 0.0000e+00 0.0000e+00
0.0000e+00 0.0000e+00 0.0000e+00 0.0000e+00 0.0000e+00 0.0000e+00 0.0000e+00 0.0000e+00 0.0000e+00 0.0000e+00 0.0000e+00 0.0000e+00 0.0000e+00 0.0000e+00 0.0000e+00 0.0000e+00 0.0000e+00 0.0000e+00 0.0000e+00 0.0000e+00 0.0000e+00 0.0000e+00 0.0000e+00 0.0000e+00 0.0000e+00 0.0000e+00 0.0000e+00 0.0000e+00 0.0000e+00 0.0000e+00 0.0000e+00 0.0000e+00 0.0000e+00 0.0000e+00 0.0000e+00 0.0000e+00 0.0000e+00 0.0000e+00 0.0000e+00
2.7586e+01 2.9811e+01 3.1430e+01 0.0000e+00 0.0000e+00 0.0000e+00 0.0000e+00 0.0000e+00 0.0000e+00 0.0000e+00 0.0000e+00 0.0000e+00 0.0000e+00 0.0000e+00 0.0000e+00 0.0000e+00 0.0000e+00 0.0000e+00 0.0000e+00 0.0000e+00 0.0000e+00 0.0000e+00 0.0000e+00 0.0000e+00 0.0000e+00 0.0000e+00 0.0000e+00 0.0000e+00 0.0000e+00 0.0000e+00 0.0000e+00 0.0000e+00 0.0000e+00 0.0000e+00 0.0000e+00 0.0000e+00 0.0000e+00 0.0000e+00 0.0000e+00
0.0000e+00 2.7263e+01 0.0000e+00 2.9018e+01 3.0671e+01 3.2260e+01 0.0000e+00 0.0000e+00 0.0000e+00 0.0000e+00 0.0000e+00 0.0000e+00 0.0000e+00 0.0000e+00 0.0000e+00 0.0000e+00 0.0000e+00 0.0000e+00 4.2200e+01 4.2852e+01 4.5163e+01 0.0000e+00 8.7693e+01 0.0000e+00 0.0000e+00 0.0000e+00 0.0000e+00 0.0000e+00 0.0000e+00 0.0000e+00 0.0000e+00 0.0000e+00 0.0000e+00 0.0000e+00 0.0000e+00 0.0000e+00 0.0000e+00 0.0000e+00 0.0000e+00
2.2921e+01 0.0000e+00 2.5080e+01 2.5459e+01 2.6496e+01 2.7983e+01 7.6353e+01 3.0683e+01 7.6761e+01 0.0000e+00 3.4435e+01 0.0000e+00 0.0000e+00 0.0000e+00 0.0000e+00 0.0000e+00 0.0000e+00 0.0000e+00 3.5485e+01 0.0000e+00 3.9876e+01 4.3392e+01 8.6541e+01 0.0000e+00 4.9439e+01 5.0680e+01 0.0000e+00 0.0000e+00 0.0000e+00 0.0000e+00 0.0000e+00 0.0000e+00 0.0000e+00 0.0000e+00 0.0000e+00 0.0000e+00 0.0000e+00 0.0000e+00 0.0000e+00
2.0021e+01 2.0660e+01 2.0968e+01 2.1567e+01 2.2595e+01 2.3958e+01 2.4648e+01 0.0000e+00 0.0000e+00 0.0000e+00 2.8789e+01 3.0062e+01 3.0868e+01 3.1639e+01 3.1697e+01 3.0684e+01 0.0000e+00 0.0000e+00 3.0690e+01 0.0000e+00 0.0000e+00 0.0000e+00 4.1181e+01 0.0000e+00 0.0000e+00 4.7211e+01 0.0000e+00 5.0834e+01 8.8661e+01 0.0000e+00 0.0000e+00 0.0000e+00 0.0000e+00 0.0000e+00 0.0000e+00 0.0000e+00 0.0000e+00 0.0000e+00 0.0000e+00
1.7773e+01 0.0000e+00 0.0000e+00 0.0000e+00 0.0000e+00 2.0489e+01 2.0566e+01 0.0000e+00 2.1753e+01 2.3516e+01 0.0000e+00 0.0000e+00 0.0000e+00 2.5408e+01 2.5354e+01 2.4827e+01 2.4404e+01 2.5069e+01 2.6974e+01 0.0000e+00 0.0000e+00 0.0000e+00 3.5305e+01 3.8842e+01 4.1632e+01 4.3894e+01 0.0000e+00 4.7806e+01 4.8628e+01 0.0000e+00 0.0000e+00 0.0000e+00 0.0000e+00 0.0000e+00 0.0000e+00 0.0000e+00 0.0000e+00 0.0000e+00 0.0000e+00
1.6666e+01 1.6643e+01 1.6876e+01 1.7354e+01 1.7999e+01 1.8427e+01 0.0000e+00 0.0000e+00 1.9464e+01 2.0276e+01 2.0709e+01 2.0377e+01 2.0513e+01 2.0855e+01 0.0000e+00 0.0000e+00 0.0000e+00 0.0000e+00 0.0000e+00 0.0000e+00 0.0000e+00 0.0000e+00 0.0000e+00 3.4482e+01 0.0000e+00 4.1025e+01 0.0000e+00 0.0000e+00 0.0000e+00 4.8143e+01 0.0000e+00 0.0000e+00 0.0000e+00 0.0000e+00 0.0000e+00 0.0000e+00 0.0000e+00 0.0000e+00 0.0000e+00
1.5837e+01 1.6164e+01 1.6515e+01 1.6915e+01 1.7302e+01 1.7485e+01 1.7335e+01 1.7504e+01 1.7756e+01 0.0000e+00 0.0000e+00 0.0000e+00 0.0000e+00 1.7404e+01 1.6404e+01 0.0000e+00 0.0000e+00 0.0000e+00 2.0719e+01 2.3345e+01 2.5374e+01 2.7349e+01 2.9290e+01 0.0000e+00 0.0000e+00 0.0000e+00 4.0319e+01 0.0000e+00 4.4403e+01 0.0000e+00 0.0000e+00 0.0000e+00 0.0000e+00 0.0000e+00 0.0000e+00 0.0000e+00 0.0000e+00 0.0000e+00 0.0000e+00
1.5033e+01 1.5413e+01 1.5780e+01 1.6131e+01 1.6435e+01 1.6648e+01 1.6778e+01 1.6885e+01 1.6839e+01 1.6442e+01 1.6140e+01 1.5828e+01 1.5355e+01 1.4447e+01 0.0000e+00 0.0000e+00 1.4205e+01 0.0000e+00 1.9538e+01 2.2507e+01 2.4752e+01 2.6771e+01 2.8688e+01 3.0575e+01 3.2692e+01 0.0000e+00 3.6246e+01 3.8477e+01 4.1003e+01 0.0000e+00 0.0000e+00 0.0000e+00 0.0000e+00 0.0000e+00 0.0000e+00 0.0000e+00 0.0000e+00 3.6737e+01 3.3613e+01
1.4265e+01 1.4648e+01 1.5011e+01 1.5330e+01 1.5580e+01 1.5759e+01 1.5884e+01 1.5960e+01 1.5948e+01 1.5808e+01 1.5516e+01 1.4877e+01 1.3475e+01 0.0000e+00 0.0000e+00 0.0000e+00 0.0000e+00 0.0000e+00 1.8324e+01 2.1469e+01 2.3859e+01 2.5950e+01 2.8039e+01 3.0433e+01 0.0000e+00 3.3759e+01 0.0000e+00 0.0000e+00 0.0000e+00 0.0000e+00 0.0000e+00 0.0000e+00 0.0000e+00 0.0000e+00 7.5485e+01 7.3778e+01 3.5326e+01 3.2719e+01 6.4097e+01
1.3538e+01 1.3929e+01 1.4316e+01 1.4632e+01 1.4803e+01 1.4888e+01 1.4948e+01 1.4983e+01 1.4971e+01 1.4869e+01 1.4578e+01 1.3700e+01 0.0000e+00 0.0000e+00 0.0000e+00 0.0000e+00 1.2908e+01 1.5224e+01 0.0000e+00 2.0813e+01 2.3107e+01 2.5181e+01 2.7455e+01 3.0003e+01 3.2427e+01 0.0000e+00 3.5363e+01 3.6767e+01 0.0000e+00 0.0000e+00 0.0000e+00 0.0000e+00 0.0000e+00 0.0000e+00 0.0000e+00 3.2274e+01 3.0427e+01 2.8620e+01 2.7193e+01
1.2845e+01 1.3266e+01 1.3798e+01 1.4321e+01 1.4198e+01 1.4057e+01 1.4007e+01 1.3986e+01 1.3960e+01 1.3895e+01 1.3715e+01 1.3240e+01 1.2373e+01 1.1672e+01 1.0978e+01 0.0000e+00 1.2779e+01 1.4955e+01 0.0000e+00 7.6843e+01 2.2389e+01 2.4456e+01 2.6967e+01 0.0000e+00 3.1982e+01 3.4720e+01 0.0000e+00 0.0000e+00 0.0000e+00 0.0000e+00 0.0000e+00 0.0000e+00 3.4768e+01 3.2908e+01 0.0000e+00 0.0000e+00 0.0000e+00 0.0000e+00 0.0000e+00
1.2160e+01 1.2609e+01 1.3393e+01 7.6707e+01 1.3702e+01 1.3215e+01 1.3042e+01 1.2945e+01 1.2892e+01 1.2882e+01 1.2879e+01 1.2810e+01 1.2608e+01 1.2263e+01 1.1613e+01 0.0000e+00 1.2066e+01 0.0000e+00 0.0000e+00 0.0000e+00 2.1149e+01 2.3815e+01 2.6272e+01 0.0000e+00 3.2179e+01 0.0000e+00 0.0000e+00 0.0000e+00 0.0000e+00 0.0000e+00 0.0000e+00 3.3615e+01 3.2274e+01 0.0000e+00 0.0000e+00 0.0000e+00 2.6978e+01 0.0000e+00 2.3912e+01
1.1457e+01 1.1883e+01 1.2551e+01 1.3261e+01 1.2766e+01 1.2291e+01 1.2013e+01 1.1793e+01 1.1652e+01 1.1701e+01 1.1939e+01 1.2289e+01 1.2596e+01 1.2256e+01 1.1865e+01 1.1616e+01 1.1735e+01 0.0000e+00 1.4618e+01 1.7952e+01 2.0798e+01 2.3505e+01 2.6663e+01 8.1810e+01 0.0000e+00 0.0000e+00 0.0000e+00 0.0000e+00 0.0000e+00 0.0000e+00 0.0000e+00 3.1149e+01 2.9756e+01 2.9744e+01 0.0000e+00 2.7738e+01 2.6110e+01 0.0000e+00 2.3294e+01
1.0725e+01 1.1091e+01 1.1792e+01 0.0000e+00 1.1916e+01 1.1298e+01 1.0913e+01 1.0420e+01 9.8457e+00 9.9609e+00 1.0737e+01 1.1647e+01 7.9420e+01 1.1921e+01 1.1483e+01 1.1405e+01 1.1207e+01 0.0000e+00 1.4073e+01 0.0000e+00 2.0826e+01 2.3345e+01 2.7203e+01 0.0000e+00 0.0000e+00 0.0000e+00 0.0000e+00 0.0000e+00 0.0000e+00 3.1232e+01 2.9586e+01 2.8075e+01 2.7166e+01 2.7072e+01 0.0000e+00 2.5567e+01 2.4296e+01 2.3600e+01 2.1909e+01
9.9634e+00 1.0220e+01 1.0587e+01 1.0942e+01 1.0633e+01 1.0253e+01 9.8190e+00 8.8964e+00 0.0000e+00 0.0000e+00 9.3635e+00 1.0379e+01 1.0925e+01 1.0717e+01 1.0472e+01 1.0341e+01 1.0242e+01 0.0000e+00 0.0000e+00 0.0000e+00 0.0000e+00 0.0000e+00 0.0000e+00 0.0000e+00 0.0000e+00 0.0000e+00 3.0513e+01 2.9325e+01 2.8353e+01 2.7117e+01 2.6095e+01 2.5290e+01 2.4736e+01 2.4477e+01 2.4244e+01 2.3302e+01 2.2650e+01 0.0000e+00 2.0652e+01
9.1836e+00 9.3278e+00 9.4757e+00 9.5518e+00 9.4677e+00 9.2531e+00 8.8785e+00 8.0025e+00 0.0000e+00 7.5252e+00 8.6334e+00 9.2301e+00 9.4408e+00 9.3023e+00 8.9026e+00 8.3166e+00 0.0000e+00 0.0000e+00 0.0000e+00 0.0000e+00 0.0000e+00 0.0000e+00 0.0000e+00 0.0000e+00 0.0000e+00 0.0000e+00 2.6819e+01 2.5665e+01 2.4709e+01 2.3946e+01 2.3353e+01 2.2891e+01 2.2598e+01 2.2503e+01 2.2370e+01 2.1530e+01 2.0735e+01 2.0107e+01 1.8999e+01
8.3923e+00 8.4521e+00 8.5077e+00 8.5262e+00 8.4738e+00 8.3363e+00 8.0906e+00 7.6749e+00 7.2533e+00 7.5693e+00 7.9985e+00 8.2839e+00 8.2939e+00 7.8159e+00 6.6765e+00 0.0000e+00 0.0000e+00 0.0000e+00 0.0000e+00 0.0000e+00 0.0000e+00 0.0000e+00 0.0000e+00 0.0000e+00 0.0000e+00 2.4806e+01 2.2766e+01 7.5440e+01 2.1764e+01 2.1289e+01 2.1015e+01 2.0776e+01 2.0769e+01 2.1232e+01 7.2772e+01 2.0396e+01 1.9102e+01 1.8225e+01 1.7486e+01
7.5736e+00 7.5631e+00 7.5736e+00 7.5777e+00 7.5434e+00 7.4554e+00 7.3127e+00 7.1379e+00 7.0243e+00 7.0764e+00 7.2452e+00 7.4768e+00 7.5471e+00 6.4643e+00 0.0000e+00 0.0000e+00 0.0000e+00 0.0000e+00 0.0000e+00 0.0000e+00 0.0000e+00 0.0000e+00 0.0000e+00 0.0000e+00 2.3655e+01 2.0158e+01 0.0000e+00 0.0000e+00 1.8532e+01 1.8967e+01 1.9174e+01 1.8862e+01 1.9001e+01 0.0000e+00 1.9398e+01 6.8578e+01 1.7549e+01 1.6678e+01 1.6189e+01
6.6806e+00 6.5831e+00 6.5897e+00 6.6237e+00 6.6166e+00 6.5596e+00 6.4640e+00 6.3543e+00 6.2699e+00 6.2470e+00 6.3113e+00 6.6552e+00 0.0000e+00 5.7535e+00 4.0766e+00 0.0000e+00 0.0000e+00 0.0000e+00 0.0000e+00 0.0000e+00 0.0000e+00 0.0000e+00 0.0000e+00 0.0000e+00 2.0768e+01 0.0000e+00 0.0000e+00 1.5079e+01 1.6145e+01 1.6911e+01 0.0000e+00 1.6925e+01 1.6590e+01 1.6721e+01 1.6394e+01 1.5926e+01 1.5090e+01 1.5124e+01 1.5244e+01
5.6096e+00 5.2255e+00 5.4453e+00 5.6276e+00 5.6642e+00 5.6227e+00 5.5346e+00 5.4214e+00 5.3048e+00 5.2039e+00 5.1373e+00 5.1456e+00 5.0891e+00 4.3101e+00 3.4212e+00 2.4276e+00 0.0000e+00 0.0000e+00 0.0000e+00 0.0000e+00 0.0000e+00 0.0000e+00 0.0000e+00 0.0000e+00 0.0000e+00 0.0000e+00 0.0000e+00 1.3097e+01 1.3965e+01 1.4432e+01 1.4721e+01 1.4333e+01 1.4020e+01 1.4005e+01 1.3926e+01 1.2841e+01 0.0000e+00 1.3721e+01 0.0000e+00
4.3825e+00 0.0000e+00 4.1967e+00 4.6145e+00 4.6763e+00 4.6325e+00 4.5264e+00 4.3747e+00 4.1923e+00 3.9920e+00 3.7749e+00 3.5088e+00 3.0857e+00 2.3774e+00 1.6406e+00 1.3050e+00 0.0000e+00 0.0000e+00 0.0000e+00 0.0000e+00 0.0000e+00 0.0000e+00 0.0000e+00 0.0000e+00 0.0000e+00 0.0000e+00 0.0000e+00 1.0986e+01 1.1685e+01 1.2013e+01 1.2013e+01 1.1621e+01 1.1020e+01 1.1216e+01 0.0000e+00 0.0000e+00 0.0000e+00 0.0000e+00 0.0000e+00
3.3216e+00 3.0659e+00 3.4287e+00 3.6077e+00 3.6292e+00 3.5756e+00 3.4375e+00 3.2205e+00 2.9387e+00 2.6123e+00 2.2473e+00 1.7952e+00 1.1321e+00 -6.6458e-02 0.0000e+00 0.0000e+00 -1.2089e+00 0.0000e+00 0.0000e+00 0.0000e+00 0.0000e+00 0.0000e+00 0.0000e+00 0.0000e+00 0.0000e+00 0.0000e+00 0.0000e+00 0.0000e+00 9.0248e+00 9.6476e+00 9.6417e+00 8.9426e+00 0.0000e+00 0.0000e+00 8.7948e+00 0.0000e+00 0.0000e+00 1.1858e+01 1.1486e+01
0.0000e+00 1.9870e+00 2.6409e+00 2.3633e+00 2.4278e+00 2.4350e+00 2.2654e+00 1.9523e+00 1.5088e+00 9.8998e-01 4.7076e-01 -1.2792e-01 -1.0192e+00 -2.5945e+00 0.0000e+00 0.0000e+00 -4.1629e+00 0.0000e+00 0.0000e+00 0.0000e+00 0.0000e+00 1.1779e+01 0.0000e+00 0.0000e+00 0.0000e+00 0.0000e+00 0.0000e+00 0.0000e+00 0.0000e+00 7.4606e+00 7.3706e+00 6.7614e+00 5.8119e+00 0.0000e+00 6.9459e+00 8.4269e+00 1.0266e+01 1.1220e+01 1.1097e+01
1.3470e+00 0.0000e+00 5.2525e+01 0.0000e+00 1.0787e+00 1.2135e+00 1.0222e+00 5.7155e-01 -1.8818e-01 -1.2116e+00 -1.8880e+00 -2.4305e+00 -3.7009e+00 -5.4480e+00 0.0000e+00 0.0000e+00 0.0000e+00 0.0000e+00 -3.8400e+00 0.0000e+00 0.0000e+00 0.0000e+00 0.0000e+00 0.0000e+00 0.0000e+00 0.0000e+00 0.0000e+00 0.0000e+00 4.7402e+00 0.0000e+00 4.5060e+00 3.8352e+00 3.5442e+00 3.7041e+00 5.0349e+00 7.0686e+00 9.7549e+00 0.0000e+00 1.0791e+01
9.2319e-01 0.0000e+00 7.1891e-01 3.8778e-01 3.9143e-02 -2.4347e-01 -1.4592e-01 -8.6510e-01 -2.0944e+00 0.0000e+00 0.0000e+00 -4.8726e+00 0.0000e+00 0.0000e+00 0.0000e+00 -9.4166e+00 0.0000e+00 0.0000e+00 0.0000e+00 0.0000e+00 0.0000e+00 0.0000e+00 0.0000e+00 0.0000e+00 0.0000e+00 0.0000e+00 0.0000e+00 0.0000e+00 0.0000e+00 0.0000e+00 0.0000e+00 0.0000e+00 0.0000e+00 0.0000e+00 0.0000e+00 0.0000e+00 0.0000e+00 0.0000e+00 9.9722e+00
5.1060e-01 0.0000e+00 4.7490e+01 -3.5076e-01 -1.3370e+00 0.0000e+00 0.0000e+00 -2.5775e+00 -3.9457e+00 -4.7400e+00 -5.3701e+00 -6.2043e+00 -8.2499e+00 0.0000e+00 0.0000e+00 0.0000e+00 0.0000e+00 0.0000e+00 0.0000e+00 0.0000e+00 0.0000e+00 0.0000e+00 0.0000e+00 0.0000e+00 0.0000e+00 0.0000e+00 0.0000e+00 0.0000e+00 0.0000e+00 0.0000e+00 0.0000e+00 0.0000e+00 0.0000e+00 0.0000e+00 0.0000e+00 4.3749e+00 0.0000e+00 8.7115e+00 8.5196e+00
2.0457e-01 -9.8675e-01 -1.5143e+00 -2.2414e+00 -3.1594e+00 0.0000e+00 -4.3454e+00 -5.7028e+00 0.0000e+00 -6.1466e+00 -6.7975e+00 -7.9684e+00 0.0000e+00 0.0000e+00 0.0000e+00 0.0000e+00 0.0000e+00 0.0000e+00 0.0000e+00 0.0000e+00 0.0000e+00 0.0000e+00 0.0000e+00 0.0000e+00 0.0000e+00 0.0000e+00 0.0000e+00 1.7398e-01 0.0000e+00 0.0000e+00 -3.4859e-01 0.0000e+00 0.0000e+00 0.0000e+00 0.0000e+00 3.4442e+00 5.4090e+00 6.4783e+00 7.0642e+00
-5.9531e-01 -2.3510e+00 0.0000e+00 -4.6415e+00 0.0000e+00 0.0000e+00 0.0000e+00 0.0000e+00 0.0000e+00 3.6637e+01 0.0000e+00 0.0000e+00 -9.9830e+00 -1.1086e+01 0.0000e+00 0.0000e+00 0.0000e+00 0.0000e+00 -6.6193e+00 0.0000e+00 0.0000e+00 0.0000e+00 0.0000e+00 0.0000e+00 0.0000e+00 0.0000e+00 0.0000e+00 0.0000e+00 3.1242e-01 1.3308e+00 1.4317e+00 1.2025e+00 1.4085e+00 1.4994e+00 1.9662e+00 2.6287e+00 0.0000e+00 4.6443e+00 5.4602e+00
-1.9428e+00 0.0000e+00 -5.1036e+00 -6.3370e+00 0.0000e+00 0.0000e+00 0.0000e+00 0.0000e+00 0.0000e+00 0.0000e+00 0.0000e+00 -1.0502e+01 -1.0649e+01 0.0000e+00 0.0000e+00 0.0000e+00 0.0000e+00 0.0000e+00 0.0000e+00 0.0000e+00 0.0000e+00 0.0000e+00 2.1280e+00 -2.3309e-01 0.0000e+00 0.0000e+00 0.0000e+00 0.0000e+00 0.0000e+00 4.3326e+01 2.4116e+00 2.2622e+00 0.0000e+00 2.7050e+00 2.2729e+00 0.0000e+00 2.6732e+00 3.4190e+00 0.0000e+00
0.0000e+00 -4.7558e+00 0.0000e+00 0.0000e+00 0.0000e+00 0.0000e+00 0.0000e+00 -1.0113e+01 0.0000e+00 0.0000e+00 0.0000e+00 0.0000e+00 0.0000e+00 0.0000e+00 0.0000e+00 0.0000e+00 0.0000e+00 0.0000e+00 0.0000e+00 0.0000e+00 0.0000e+00 0.0000e+00 0.0000e+00 -1.3935e+00 0.0000e+00 0.0000e+00 0.0000e+00 -1.1274e+00 7.9947e-01 2.3336e+00 2.4084e+00 0.0000e+00 0.0000e+00 2.5507e+00 0.0000e+00 0.0000e+00 0.0000e+00 2.4816e+00 0.0000e+00
0.0000e+00 0.0000e+00 0.0000e+00 -6.0881e+00 0.0000e+00 0.0000e+00 0.0000e+00 0.0000e+00 0.0000e+00 0.0000e+00 0.0000e+00 0.0000e+00 0.0000e+00 0.0000e+00 0.0000e+00 0.0000e+00 0.0000e+00 0.0000e+00 0.0000e+00 0.0000e+00 0.0000e+00 0.0000e+00 0.0000e+00 0.0000e+00 0.0000e+00 -1.9051e+00 0.0000e+00 2.8876e-01 1.7481e+00 2.5806e+00 2.9378e+00 3.2070e+00 0.0000e+00 3.3427e+00 0.0000e+00 0.0000e+00 0.0000e+00 0.0000e+00 3.6926e+00
